13.4724500481
13.3978172967
13.3793150242
13.265479334
13.3092230142
13.1985557403
13.2249963676
13.1839554858
13.1598633554
13.1474282613
13.1443640294
13.1278556988
13.1249255844
13.1184412821
13.1127252635
13.1084314377
13.1061036014
13.103995111
13.1006354882
13.0983373059
13.0964655872
13.0935498192
13.0912823185
13.0910084301
13.0883273754
13.0869716327
13.0855251348
13.0840039175
13.0826016186
13.0812996762
13.0800173108
13.0787112867
13.0779453497
13.0769410103
13.0757115929
13.0747718967
13.0741679909
13.0735501838
13.0730650581
13.0727659713
13.0725358529
