13.5311727618
13.4943612642
13.479907754
13.4524332067
13.430887416
13.4169631226
13.3935462694
13.3796269178
13.3619862874
13.3469745301
13.3334044427
13.3061338648
13.2847321389
13.2479878406
13.2242240578
13.198911723
13.1797066332
13.1591272955
13.1422255163
13.1286728972
13.1165389218
13.1069401562
13.0984699029
13.0918698802
13.0876450636
13.0833134267
13.0820665811
13.0808290615
13.0790205878
13.0789344172
13.0774507652
13.0764192024
13.0759468572
13.0748008194
13.0742368551
13.0733344606
13.0730635961
13.0726497437
13.0722478266
13.0721539
13.071844579
