13.4995858574
13.4656996672
13.4518717119
13.3751033955
13.4634632971
13.2808174659
13.3211095226
13.2428554252
13.2651749867
13.2278467812
13.2093289154
13.2101806665
13.1981288201
13.1880531513
13.1760944762
13.1662944944
13.1587990458
13.1599907449
13.1490118861
13.1405672018
13.1397498124
13.1358563302
13.1291061964
13.1234940198
13.1199027178
13.1169353862
13.112831158
13.1078485878
13.1034075298
13.0994271542
13.0956314471
13.0916692678
13.0884347285
13.0858996948
13.0832458062
13.0809299661
13.0792289024
13.0777648431
13.0766226305
13.0759267654
13.0751469934
