13.5609151715
13.4582105723
13.44809276
13.3415921902
13.4183520869
13.2422172832
13.2725113534
13.2247516988
13.227503503
13.1931503079
13.1779035433
13.1714577563
13.1713463937
13.152909098
13.1423532735
13.1385378689
13.1360021158
13.1338149959
13.1231238513
13.1190610248
13.1185356637
13.1153816449
13.1094548234
13.1068421606
13.1056236941
13.1037865046
13.1014582977
13.0990241638
13.0961758699
13.0940294795
13.0913321038
13.0882224065
13.0855631191
13.0836213132
13.0816578397
13.0794849417
13.0780276374
13.0768278663
13.0760614321
13.0755469757
13.07486402
