15.0354012463
14.9657345572
14.9928737737
14.9986648578
14.9642899944
14.9418185903
14.9270572615
14.9269955848
14.9055123428
14.8877287794
14.8841301382
14.8701273118
14.8289664677
14.7870039018
14.7573349327
14.7339021264
14.7044955797
14.6740185062
14.6517423518
14.6292370311
14.6077954135
14.5900858924
14.5739203164
14.5613873388
14.5496506268
14.5416367525
14.5393090592
14.5347582611
14.5290998609
14.5268200221
14.5238537724
14.5176253855
14.5102542683
14.5052565011
14.5021175761
14.499558906
14.4970640577
14.4948945104
14.4944031578
14.4936066159
14.492200371
