14.9206191303
14.8417359646
14.5842781848
14.5761416297
14.6049888515
14.6338527011
14.5545497222
14.5590555593
14.5823046634
14.572122262
14.5548278187
14.5577517893
14.5828867432
14.5844842266
14.5678185023
14.5650051155
14.5480162679
14.5529801137
14.5509414062
14.5630743075
14.5673541333
14.5573993816
14.5327608204
14.5316022126
14.5438163236
14.5352505495
14.5443688694
14.547311866
14.5261066117
14.5333915656
14.5450726328
14.5376924028
14.5294933508
14.5347506421
14.5379000679
14.5272109761
14.5212661726
14.5266134543
14.5268036064
14.520260209
14.5192684535
