# gauge_id= 32412 location=( -0.8639200000E+02 -0.1797500000E+02 ) num_var=  4
# level, time, q[  1  2  3], eta, aux[]
   01  0.0000000E+00  0.4424351E+04  0.0000000E+00  0.0000000E+00  0.0000000E+00
   01  0.1600000E-01  0.4424351E+04  0.7923638E-15  0.8565184E-15  0.0000000E+00
   01  0.2160000E+00  0.4424351E+04  0.1069677E-13  0.1156203E-13  0.0000000E+00
   01  0.4160000E+00  0.4424351E+04  0.2059937E-13  0.2225581E-13  0.0000000E+00
   01  0.6160000E+00  0.4424351E+04  0.3050016E-13  0.3294082E-13  0.0000000E+00
   01  0.8160000E+00  0.4424351E+04  0.4039916E-13  0.4361942E-13  0.0000000E+00
   01  0.1016000E+01  0.4424351E+04  0.5029635E-13  0.5429119E-13  0.0000000E+00
   01  0.1216000E+01  0.4424351E+04  0.6019175E-13  0.6495505E-13  0.0000000E+00
   01  0.1416000E+01  0.4424351E+04  0.7008535E-13  0.7561040E-13  0.0000000E+00
   01  0.1114224E+03  0.4424351E+04  0.5505381E-11  0.5930963E-11  0.0000000E+00
   01  0.2214289E+03  0.4424351E+04  0.9791449E-11  0.9830217E-11  0.0000000E+00
   01  0.3314353E+03  0.4424351E+04  0.1340028E-10  0.1263761E-10  0.0000000E+00
   01  0.4414417E+03  0.4424351E+04  0.1646639E-10  0.1476301E-10  0.0000000E+00
   01  0.5514482E+03  0.4424351E+04  0.1909096E-10  0.1645452E-10  0.0000000E+00
   01  0.6614546E+03  0.4424351E+04  0.2137846E-10  0.1803040E-10  0.0000000E+00
   01  0.7714610E+03  0.4424351E+04  0.2338062E-10  0.1951990E-10  0.0000000E+00
   01  0.8814674E+03  0.4424351E+04  0.2513971E-10  0.2092229E-10  0.0000000E+00
   01  0.9000000E+03  0.4424351E+04  0.2555724E-10  0.2111624E-10  0.0000000E+00
   01  0.1010006E+04  0.4424351E+04  0.2704027E-10  0.2236793E-10  0.0000000E+00
   01  0.1120013E+04  0.4424351E+04  0.2827020E-10  0.2341685E-10  0.0000000E+00
   01  0.1230019E+04  0.4424351E+04  0.2931072E-10  0.2430262E-10  0.0000000E+00
   01  0.1340026E+04  0.4424351E+04  0.3025922E-10  0.2503907E-10  0.0000000E+00
   01  0.1450032E+04  0.4424351E+04  0.3125129E-10  0.2566504E-10  0.0000000E+00
   01  0.1560039E+04  0.4424351E+04  0.3224822E-10  0.2619175E-10  0.0000000E+00
   01  0.1670045E+04  0.4424351E+04  0.3322854E-10  0.2663058E-10  0.0000000E+00
   01  0.1780051E+04  0.4424351E+04  0.3417939E-10  0.2699198E-10  0.0000000E+00
   01  0.1800000E+04  0.4424351E+04  0.3458223E-10  0.2713645E-10  0.0000000E+00
   01  0.1910006E+04  0.4424351E+04  0.3538975E-10  0.2744100E-10  0.0000000E+00
   01  0.2020013E+04  0.4424351E+04  0.3621366E-10  0.2767643E-10  0.0000000E+00
   01  0.2130019E+04  0.4424351E+04  0.3702373E-10  0.2785338E-10  0.0000000E+00
   01  0.2240026E+04  0.4424351E+04  0.3780870E-10  0.2798095E-10  0.0000000E+00
   01  0.2350032E+04  0.4424351E+04  0.3856465E-10  0.2806636E-10  0.0000000E+00
   01  0.2460039E+04  0.4424351E+04  0.3929073E-10  0.2811534E-10  0.0000000E+00
   01  0.2570045E+04  0.4424351E+04  0.3998724E-10  0.2813248E-10  0.0000000E+00
   01  0.2680051E+04  0.4424351E+04  0.4065494E-10  0.2812147E-10  0.0000000E+00
   01  0.2700000E+04  0.4424351E+04  0.4108982E-10  0.2826902E-10  0.0000000E+00
   01  0.2810006E+04  0.4424351E+04  0.4159879E-10  0.2823408E-10  0.0000000E+00
   01  0.2920013E+04  0.4424351E+04  0.4214491E-10  0.2817265E-10  0.0000000E+00
   01  0.3030019E+04  0.4424351E+04  0.4269308E-10  0.2808730E-10  0.0000000E+00
   01  0.3140026E+04  0.4424351E+04  0.4323005E-10  0.2798123E-10  0.0000000E+00
   01  0.3250032E+04  0.4424351E+04  0.4375106E-10  0.2785740E-10  0.0000000E+00
   01  0.3360039E+04  0.4424351E+04  0.4425444E-10  0.2771799E-10  0.0000000E+00
   01  0.3470045E+04  0.4424351E+04  0.4473973E-10  0.2756462E-10  0.0000000E+00
   01  0.3580051E+04  0.4424351E+04  0.4520705E-10  0.2739823E-10  0.0000000E+00
   01  0.3600000E+04  0.4424351E+04  0.4566114E-10  0.2755846E-10  0.0000000E+00
   01  0.3710006E+04  0.4424351E+04  0.4596814E-10  0.2737428E-10  0.0000000E+00
   01  0.3820013E+04  0.4424351E+04  0.2862743E-10  0.2632409E-10  0.0000000E+00
   01  0.3930019E+04  0.4424351E+04  0.1444113E-10  0.2436921E-10  0.0000000E+00
   01  0.4040026E+04  0.4424351E+04  0.2913706E-11  0.2214529E-10  0.0000000E+00
   01  0.4150032E+04  0.4424351E+04 -0.6051832E-11  0.2006681E-10  0.0000000E+00
   01  0.4260039E+04  0.4424351E+04  0.5017263E-12  0.1865740E-10  0.0000000E+00
   01  0.4370045E+04  0.4424351E+04  0.6192914E-11  0.1811199E-10  0.0000000E+00
   01  0.4480051E+04  0.4424351E+04  0.1188713E-10  0.1754484E-10  0.0000000E+00
   01  0.4500000E+04  0.4424351E+04  0.1293013E-10  0.1762714E-10  0.0000000E+00
   01  0.4610006E+04  0.4424351E+04  0.1723350E-10  0.1754857E-10  0.0000000E+00
   01  0.4720013E+04  0.4424351E+04  0.1930204E-10  0.1860630E-10  0.0000000E+00
   01  0.4830019E+04  0.4424351E+04  0.9728286E-11  0.3098013E-10  0.0000000E+00
   01  0.4940026E+04  0.4424351E+04 -0.6220848E-11  0.5262360E-10  0.9094947E-12
   01  0.5050032E+04  0.4424351E+04 -0.4622452E-10  0.1060352E-09  0.9094947E-12
   01  0.5160039E+04  0.4424351E+04 -0.1136727E-09  0.1910411E-09  0.9094947E-12
   01  0.5270045E+04  0.4424351E+04 -0.2177112E-09  0.2983279E-09  0.1818989E-11
   01  0.5380051E+04  0.4424351E+04 -0.3397168E-09  0.2945700E-09  0.2728484E-11
   01  0.5400000E+04  0.4424351E+04 -0.3446087E-09  0.2806616E-09  0.1818989E-11
   01  0.5510006E+04  0.4424351E+04  0.1084133E-10 -0.6500129E-09 -0.4547474E-11
   01  0.5620013E+04  0.4424351E+04  0.2627923E-08 -0.3987067E-08 -0.3001333E-10
   01  0.5730019E+04  0.4424351E+04  0.1075705E-07 -0.1390718E-07 -0.9731593E-10
   01  0.5840026E+04  0.4424351E+04  0.2879094E-07 -0.3472780E-07 -0.2373781E-09
   01  0.5950032E+04  0.4424351E+04  0.5842963E-07 -0.7383384E-07 -0.4774847E-09
   01  0.6060039E+04  0.4424351E+04  0.9879208E-07 -0.1373921E-06 -0.8258212E-09
   01  0.6170045E+04  0.4424351E+04  0.1517451E-06 -0.2180638E-06 -0.1285116E-08
   01  0.6280051E+04  0.4424351E+04  0.2141582E-06 -0.3065277E-06 -0.1811713E-08
   01  0.6300000E+04  0.4424351E+04  0.2278464E-06 -0.3231395E-06 -0.1913577E-08
   01  0.6410006E+04  0.4424351E+04  0.3105773E-06 -0.3172560E-06 -0.1993612E-08
   01  0.6520013E+04  0.4424351E+04  0.1167446E-06  0.1814572E-06  0.1590706E-08
   01  0.6630019E+04  0.4424351E+04 -0.1143195E-05  0.2134527E-05  0.1540229E-07
   01  0.6740026E+04  0.4424351E+04 -0.5587738E-05  0.8221091E-05  0.5565653E-07
   01  0.6850032E+04  0.4424351E+04 -0.1558213E-04  0.2129690E-04  0.1385661E-06
   01  0.6960039E+04  0.4424351E+04 -0.3439509E-04  0.4395171E-04  0.2830029E-06
   01  0.7070045E+04  0.4424351E+04 -0.6243583E-04  0.7822255E-04  0.4944995E-06
   01  0.7180051E+04  0.4424351E+04 -0.9776057E-04  0.1245997E-03  0.7666595E-06
