# gauge_id=    13 location=( -0.1050000000E+03 -0.2000000000E+02 ) num_var=  4
# level, time, q[  1  2  3], eta, aux[]
   01  0.0000000E+00  0.3987098E+04  0.0000000E+00  0.0000000E+00  0.0000000E+00
   01  0.1600000E-01  0.3987098E+04  0.4323172E-15  0.3976676E-16  0.0000000E+00
   01  0.2160000E+00  0.3987098E+04  0.5836341E-14  0.5373197E-15  0.0000000E+00
   01  0.4160000E+00  0.3987098E+04  0.1124093E-13  0.1041476E-14  0.0000000E+00
   01  0.6160000E+00  0.3987098E+04  0.1664608E-13  0.1552228E-14  0.0000000E+00
   01  0.8160000E+00  0.3987098E+04  0.2205091E-13  0.2070172E-14  0.0000000E+00
   01  0.1016000E+01  0.3987098E+04  0.2745578E-13  0.2595602E-14  0.0000000E+00
   01  0.1216000E+01  0.3987098E+04  0.3286117E-13  0.3128526E-14  0.0000000E+00
   01  0.1416000E+01  0.3987098E+04  0.3826727E-13  0.3669910E-14  0.0000000E+00
   01  0.1114224E+03  0.3987098E+04  0.3012278E-11  0.2844820E-12  0.0000000E+00
   01  0.2214289E+03  0.3987098E+04  0.6311695E-11  0.2686822E-11  0.0000000E+00
   01  0.3314353E+03  0.3987098E+04  0.9535734E-11  0.5493627E-11  0.0000000E+00
   01  0.4414417E+03  0.3987098E+04  0.1256939E-10  0.8098618E-11  0.0000000E+00
   01  0.5514482E+03  0.3987098E+04  0.1534598E-10  0.1029145E-10  0.0000000E+00
   01  0.6614546E+03  0.3987098E+04  0.1788719E-10  0.1201980E-10  0.0000000E+00
   01  0.7714610E+03  0.3987098E+04  0.2017162E-10  0.1342536E-10  0.0000000E+00
   01  0.8814674E+03  0.3987098E+04  0.2213274E-10  0.1449051E-10  0.0000000E+00
   01  0.9000000E+03  0.3987098E+04  0.2244213E-10  0.1472462E-10  0.0000000E+00
   01  0.1010006E+04  0.3987098E+04  0.2412804E-10  0.1549921E-10  0.0000000E+00
   01  0.1120013E+04  0.3987098E+04  0.2564012E-10  0.1604815E-10  0.0000000E+00
   01  0.1230019E+04  0.3987098E+04  0.2704534E-10  0.1642083E-10  0.0000000E+00
   01  0.1340026E+04  0.3987098E+04  0.2837425E-10  0.1665744E-10  0.0000000E+00
   01  0.1450032E+04  0.3987098E+04  0.2964839E-10  0.1677914E-10  0.0000000E+00
   01  0.1560039E+04  0.3987098E+04  0.3094109E-10  0.1683783E-10  0.0000000E+00
   01  0.1670045E+04  0.3987098E+04  0.3219055E-10  0.1681979E-10  0.0000000E+00
   01  0.1780051E+04  0.3987098E+04  0.3337345E-10  0.1671839E-10  0.0000000E+00
   01  0.1800000E+04  0.3987098E+04  0.3359832E-10  0.1680550E-10  0.0000000E+00
   01  0.1910006E+04  0.3987098E+04  0.3468016E-10  0.1662232E-10  0.0000000E+00
   01  0.2020013E+04  0.3987098E+04  0.3581979E-10  0.1646167E-10  0.0000000E+00
   01  0.2130019E+04  0.3987098E+04  0.3692990E-10  0.1354076E-10  0.0000000E+00
   01  0.2240026E+04  0.3987098E+04  0.3767507E-10  0.9819313E-11  0.0000000E+00
   01  0.2350032E+04  0.3987098E+04  0.3813820E-10  0.6441651E-11  0.0000000E+00
   01  0.2460039E+04  0.3987098E+04  0.3850801E-10  0.2832736E-11  0.0000000E+00
   01  0.2570045E+04  0.3987098E+04  0.3940288E-10  0.1203832E-11  0.0000000E+00
   01  0.2680051E+04  0.3987098E+04  0.4051857E-10  0.6944098E-12  0.0000000E+00
   01  0.2700000E+04  0.3987098E+04  0.4081052E-10  0.8127040E-12  0.0000000E+00
   01  0.2810006E+04  0.3987098E+04  0.4244871E-10  0.7318429E-12  0.0000000E+00
   01  0.2920013E+04  0.3987098E+04  0.4414200E-10  0.7492158E-12  0.0000000E+00
   01  0.3030019E+04  0.3987098E+04  0.4569735E-10  0.7441236E-12  0.0000000E+00
   01  0.3140026E+04  0.3987098E+04  0.4701951E-10  0.6732457E-12  0.0000000E+00
   01  0.3250032E+04  0.3987098E+04  0.4808526E-10  0.5258347E-12  0.0000000E+00
   01  0.3360039E+04  0.3987098E+04  0.4891176E-10  0.2940772E-12  0.0000000E+00
   01  0.3470045E+04  0.3987098E+04  0.4953058E-10 -0.2142338E-13  0.0000000E+00
   01  0.3580051E+04  0.3987098E+04  0.4997736E-10 -0.4141474E-12  0.0000000E+00
   01  0.3600000E+04  0.3987098E+04  0.5004799E-10 -0.8129207E-12  0.0000000E+00
   01  0.3710006E+04  0.3987098E+04  0.4981969E-10 -0.4324255E-11  0.0000000E+00
   01  0.3820013E+04  0.3987098E+04  0.4922563E-10 -0.8694569E-11  0.0000000E+00
   01  0.3930019E+04  0.3987098E+04  0.4873486E-10 -0.1292533E-10  0.0000000E+00
   01  0.4040026E+04  0.3987098E+04  0.4881628E-10 -0.1666920E-10  0.0000000E+00
   01  0.4150032E+04  0.3987098E+04  0.4958559E-10 -0.1937121E-10  0.0000000E+00
   01  0.4260039E+04  0.3987098E+04  0.5055493E-10 -0.2068335E-10  0.0000000E+00
   01  0.4370045E+04  0.3987098E+04  0.5102287E-10 -0.2130464E-10  0.0000000E+00
   01  0.4480051E+04  0.3987098E+04  0.5157188E-10 -0.2147415E-10  0.0000000E+00
   01  0.4500000E+04  0.3987098E+04  0.5158066E-10 -0.2124288E-10  0.0000000E+00
   01  0.4610006E+04  0.3987098E+04  0.5218675E-10 -0.2041617E-10  0.0000000E+00
   01  0.4720013E+04  0.3987098E+04  0.5300011E-10 -0.1939679E-10  0.0000000E+00
   01  0.4830019E+04  0.3987098E+04  0.5429798E-10 -0.1851803E-10  0.0000000E+00
   01  0.4940026E+04  0.3987098E+04  0.5564920E-10 -0.1784263E-10  0.0000000E+00
   01  0.5050032E+04  0.3987098E+04  0.5686918E-10 -0.1733625E-10  0.0000000E+00
   01  0.5160039E+04  0.3987098E+04  0.5787780E-10 -0.1697577E-10  0.0000000E+00
   01  0.5270045E+04  0.3987098E+04  0.5866740E-10 -0.1674408E-10  0.0000000E+00
   01  0.5380051E+04  0.3987098E+04  0.5925715E-10 -0.1662618E-10  0.0000000E+00
   01  0.5400000E+04  0.3987098E+04  0.5933528E-10 -0.1648359E-10  0.0000000E+00
   01  0.5510006E+04  0.3987098E+04  0.5970190E-10 -0.1639656E-10  0.0000000E+00
   01  0.5620013E+04  0.3987098E+04  0.5985957E-10 -0.1644098E-10  0.0000000E+00
   01  0.5730019E+04  0.3987098E+04  0.5994090E-10 -0.1656444E-10  0.0000000E+00
   01  0.5840026E+04  0.3987098E+04  0.6018220E-10 -0.1664017E-10  0.0000000E+00
   01  0.5950032E+04  0.3987098E+04  0.6090626E-10 -0.1660863E-10  0.0000000E+00
   01  0.6060039E+04  0.3987098E+04  0.6161325E-10 -0.1651699E-10  0.0000000E+00
   01  0.6170045E+04  0.3987098E+04  0.6202352E-10 -0.1931483E-10  0.0000000E+00
   01  0.6280051E+04  0.3987098E+04  0.6203448E-10 -0.2319793E-10  0.0000000E+00
   01  0.6300000E+04  0.3987098E+04  0.6203717E-10 -0.2383250E-10  0.0000000E+00
   01  0.6410006E+04  0.3987098E+04  0.6173763E-10 -0.2797526E-10  0.0000000E+00
   01  0.6520013E+04  0.3987098E+04  0.6126768E-10 -0.3203670E-10  0.0000000E+00
   01  0.6630019E+04  0.3987098E+04  0.6117898E-10 -0.3316636E-10  0.0000000E+00
   01  0.6740026E+04  0.3987098E+04  0.6112230E-10 -0.3317113E-10  0.0000000E+00
   01  0.6850032E+04  0.3987098E+04  0.6105893E-10 -0.3278286E-10  0.0000000E+00
   01  0.6960039E+04  0.3987098E+04  0.6097944E-10 -0.3231319E-10  0.0000000E+00
   01  0.7070045E+04  0.3987098E+04  0.6081181E-10 -0.3193431E-10  0.0000000E+00
   01  0.7180051E+04  0.3987098E+04  0.6032204E-10 -0.3165270E-10  0.0000000E+00
