# gauge_id=    15 location=( -0.8370000000E+02 -0.4770000000E+02 ) num_var=  4
# level, time, q[  1  2  3], eta, aux[]
   01  0.0000000E+00  0.3829140E+04  0.0000000E+00  0.0000000E+00  0.0000000E+00
   01  0.1600000E-01  0.3829140E+04 -0.1857594E-14  0.6742650E-15  0.0000000E+00
   01  0.2160000E+00  0.3829140E+04 -0.2507778E-13  0.9102340E-14  0.0000000E+00
   01  0.4160000E+00  0.3829140E+04 -0.4828642E-13  0.1753051E-13  0.0000000E+00
   01  0.6160000E+00  0.3829140E+04 -0.7148351E-13  0.2595878E-13  0.0000000E+00
   01  0.8160000E+00  0.3829140E+04 -0.9466908E-13  0.3438715E-13  0.0000000E+00
   01  0.1016000E+01  0.3829140E+04 -0.1178431E-12  0.4281561E-13  0.0000000E+00
   01  0.1216000E+01  0.3829140E+04 -0.1410057E-12  0.5124416E-13  0.0000000E+00
   01  0.1416000E+01  0.3829140E+04 -0.1641568E-12  0.5967279E-13  0.0000000E+00
   01  0.1114224E+03  0.3829140E+04 -0.1327838E-10  0.4616003E-11  0.0000000E+00
   01  0.2214289E+03  0.3829140E+04 -0.2180148E-10  0.5350114E-11  0.0000000E+00
   01  0.3314353E+03  0.3829140E+04 -0.2985696E-10  0.5342802E-11  0.0000000E+00
   01  0.4414417E+03  0.3829140E+04 -0.3758858E-10  0.5312139E-11  0.0000000E+00
   01  0.5514482E+03  0.3829140E+04 -0.4478959E-10  0.5432647E-11  0.0000000E+00
   01  0.6614546E+03  0.3829140E+04 -0.5142338E-10  0.5670399E-11  0.0000000E+00
   01  0.7714610E+03  0.3829140E+04 -0.5763590E-10  0.5953802E-11  0.0000000E+00
   01  0.8814674E+03  0.3829140E+04 -0.6353793E-10  0.6107137E-11  0.0000000E+00
   01  0.9000000E+03  0.3829140E+04 -0.6478552E-10  0.5326528E-11  0.0000000E+00
   01  0.1010006E+04  0.3829140E+04 -0.7032999E-10  0.5572358E-11  0.0000000E+00
   01  0.1120013E+04  0.3829140E+04 -0.7564113E-10  0.5589022E-11  0.0000000E+00
   01  0.1230019E+04  0.3829140E+04 -0.8071609E-10  0.5414120E-11  0.0000000E+00
   01  0.1340026E+04  0.3829140E+04 -0.8551593E-10  0.5039049E-11  0.0000000E+00
   01  0.1450032E+04  0.3829140E+04 -0.8994540E-10  0.4489995E-11  0.0000000E+00
   01  0.1560039E+04  0.3829140E+04 -0.9398823E-10  0.3872417E-11  0.0000000E+00
   01  0.1670045E+04  0.3829140E+04 -0.9769681E-10  0.3130118E-11  0.0000000E+00
   01  0.1780051E+04  0.3829140E+04 -0.1015015E-09  0.2395959E-11  0.0000000E+00
   01  0.1800000E+04  0.3829140E+04 -0.1027299E-09  0.1261254E-11  0.0000000E+00
   01  0.1910006E+04  0.3829140E+04 -0.1064501E-09  0.1145015E-11  0.0000000E+00
   01  0.2020013E+04  0.3829140E+04 -0.1103436E-09  0.1622092E-11  0.0000000E+00
   01  0.2130019E+04  0.3829140E+04 -0.1150533E-09  0.1381823E-11  0.0000000E+00
   01  0.2240026E+04  0.3829140E+04 -0.1197231E-09 -0.4342107E-11  0.0000000E+00
   01  0.2350032E+04  0.3829140E+04 -0.1329895E-09 -0.3685323E-10  0.0000000E+00
   01  0.2460039E+04  0.3829140E+04 -0.1201008E-09 -0.5543716E-10  0.4547474E-12
   01  0.2570045E+04  0.3829140E+04 -0.2387098E-09 -0.2883998E-09  0.1364242E-11
   01  0.2680051E+04  0.3829140E+04 -0.3983290E-09 -0.3642729E-09  0.2273737E-11
   01  0.2700000E+04  0.3829140E+04 -0.4291803E-09 -0.3474290E-09  0.2273737E-11
   01  0.2810006E+04  0.3829140E+04  0.1120593E-10  0.2077909E-08 -0.1364242E-10
   01  0.2920013E+04  0.3829140E+04  0.8226346E-08  0.1188325E-07 -0.9640644E-10
   01  0.3030019E+04  0.3829140E+04  0.5422317E-07  0.4138237E-07 -0.4283720E-09
   01  0.3140026E+04  0.3829140E+04  0.1272547E-06  0.1279914E-06 -0.1012722E-08
   01  0.3250032E+04  0.3829140E+04  0.2204341E-06  0.3319414E-06 -0.1973149E-08
   01  0.3360039E+04  0.3829140E+04  0.3427610E-06  0.4985803E-06 -0.3112746E-08
   01  0.3470045E+04  0.3829140E+04  0.4383670E-06  0.3933721E-06 -0.2794877E-08
   01  0.3580051E+04  0.3829140E+04  0.7185528E-08 -0.1622813E-05  0.1127137E-07
   01  0.3600000E+04  0.3829140E+04 -0.4061408E-06 -0.2025118E-05  0.1340823E-07
   01  0.3710006E+04  0.3829140E+04 -0.7494726E-05 -0.1148850E-04  0.9139012E-07
   01  0.3820013E+04  0.3829140E+04 -0.3578050E-04 -0.3577954E-04  0.3051528E-06
   01  0.3930019E+04  0.3829140E+04 -0.9972199E-04 -0.9187382E-04  0.7543058E-06
   01  0.4040026E+04  0.3829140E+04 -0.1719325E-03 -0.1864190E-03  0.1326359E-05
   01  0.4150032E+04  0.3829140E+04 -0.2066324E-03 -0.3279204E-03  0.1876967E-05
   01  0.4260039E+04  0.3829140E+04 -0.2444236E-03 -0.4395155E-03  0.2415065E-05
   01  0.4370045E+04  0.3829140E+04 -0.3202423E-03 -0.4280600E-03  0.2708627E-05
   01  0.4480051E+04  0.3829140E+04 -0.3815584E-03 -0.1532175E-04  0.3527930E-06
   01  0.4500000E+04  0.3829140E+04 -0.3136166E-03  0.5081523E-04 -0.2038314E-07
   01  0.4610006E+04  0.3829140E+04  0.1028402E-02  0.2429519E-02 -0.1886006E-04
   01  0.4720013E+04  0.3829140E+04  0.7763034E-02  0.9141430E-02 -0.7536756E-04
   01  0.4830019E+04  0.3829140E+04  0.2472024E-01  0.2613494E-01 -0.2027485E-03
   01  0.4940026E+04  0.3829139E+04  0.5203622E-01  0.5619190E-01 -0.4061646E-03
   01  0.5050032E+04  0.3829139E+04  0.8835516E-01  0.9574266E-01 -0.6753532E-03
   01  0.5160039E+04  0.3829139E+04  0.1306951E+00  0.1424681E+00 -0.9899784E-03
   01  0.5270045E+04  0.3829139E+04  0.1744539E+00  0.1929933E+00 -0.1315787E-02
   01  0.5380051E+04  0.3829138E+04  0.2156384E+00  0.2411139E+00 -0.1616875E-02
   01  0.5400000E+04  0.3829138E+04  0.2232236E+00  0.2495363E+00 -0.1672882E-02
   01  0.5510006E+04  0.3829138E+04  0.2568022E+00  0.2885202E+00 -0.1908191E-02
   01  0.5620013E+04  0.3829138E+04  0.2713465E+00  0.3182105E+00 -0.2036751E-02
   01  0.5730019E+04  0.3829138E+04  0.2722028E+00  0.3332010E+00 -0.2068132E-02
   01  0.5840026E+04  0.3829138E+04  0.2709625E+00  0.3365721E+00 -0.2054124E-02
   01  0.5950032E+04  0.3829138E+04  0.2651703E+00  0.3348477E+00 -0.1993394E-02
   01  0.6060039E+04  0.3829138E+04  0.2558836E+00  0.3221697E+00 -0.1855975E-02
   01  0.6170045E+04  0.3829138E+04  0.2342594E+00  0.2823420E+00 -0.1553449E-02
   01  0.6280051E+04  0.3829139E+04  0.1568785E+00  0.1894638E+00 -0.7956287E-03
   01  0.6300000E+04  0.3829139E+04  0.1307378E+00  0.1609896E+00 -0.5931692E-03
   01  0.6410006E+04  0.3829141E+04 -0.8010413E-01 -0.1069691E+00  0.1261478E-02
   01  0.6520013E+04  0.3829144E+04 -0.4297286E+00 -0.5847448E+00  0.4288978E-02
   01  0.6630019E+04  0.3829148E+04 -0.9080688E+00 -0.1265123E+01  0.8488248E-02
   01  0.6740026E+04  0.3829154E+04 -0.1495474E+01 -0.2114106E+01  0.1371965E-01
   01  0.6850032E+04  0.3829160E+04 -0.2170850E+01 -0.3118238E+01  0.1978975E-01
   01  0.6960039E+04  0.3829166E+04 -0.2908540E+01 -0.4259103E+01  0.2651647E-01
   01  0.7070045E+04  0.3829174E+04 -0.3689635E+01 -0.5510078E+01  0.3375127E-01
   01  0.7180051E+04  0.3829181E+04 -0.4496925E+01 -0.6848965E+01  0.4136021E-01
