# gauge_id=    14 location=( -0.8850000000E+02 -0.2970000000E+02 ) num_var=  4
# level, time, q[  1  2  3], eta, aux[]
   01  0.0000000E+00  0.3712749E+04  0.0000000E+00  0.0000000E+00  0.0000000E+00
   01  0.1600000E-01  0.3712749E+04  0.1800889E-14  0.1421743E-14  0.0000000E+00
   01  0.2160000E+00  0.3712749E+04  0.2431129E-13  0.1919281E-13  0.0000000E+00
   01  0.4160000E+00  0.3712749E+04  0.4681399E-13  0.3695354E-13  0.0000000E+00
   01  0.6160000E+00  0.3712749E+04  0.6930898E-13  0.5470394E-13  0.0000000E+00
   01  0.8160000E+00  0.3712749E+04  0.9179625E-13  0.7244402E-13  0.0000000E+00
   01  0.1016000E+01  0.3712749E+04  0.1142758E-12  0.9017378E-13  0.0000000E+00
   01  0.1216000E+01  0.3712749E+04  0.1367477E-12  0.1078932E-12  0.0000000E+00
   01  0.1416000E+01  0.3712749E+04  0.1592118E-12  0.1256024E-12  0.0000000E+00
   01  0.1114224E+03  0.3712749E+04  0.1245114E-10  0.9886576E-11  0.0000000E+00
   01  0.2214289E+03  0.3712749E+04  0.2296360E-10  0.1645383E-10  0.0000000E+00
   01  0.3314353E+03  0.3712749E+04  0.3193825E-10  0.2123294E-10  0.0000000E+00
   01  0.4414417E+03  0.3712749E+04  0.3968079E-10  0.2499770E-10  0.0000000E+00
   01  0.5514482E+03  0.3712749E+04  0.4647846E-10  0.2810646E-10  0.0000000E+00
   01  0.6614546E+03  0.3712749E+04  0.5255254E-10  0.3075641E-10  0.0000000E+00
   01  0.7714610E+03  0.3712749E+04  0.5805951E-10  0.3306169E-10  0.0000000E+00
   01  0.8814674E+03  0.3712749E+04  0.6310679E-10  0.3509886E-10  0.0000000E+00
   01  0.9000000E+03  0.3712749E+04  0.6427018E-10  0.3580234E-10  0.0000000E+00
   01  0.1010006E+04  0.3712749E+04  0.6878069E-10  0.3747105E-10  0.0000000E+00
   01  0.1120013E+04  0.3712749E+04  0.7300250E-10  0.3897432E-10  0.0000000E+00
   01  0.1230019E+04  0.3712749E+04  0.7694935E-10  0.4031268E-10  0.0000000E+00
   01  0.1340026E+04  0.3712749E+04  0.8064120E-10  0.4151998E-10  0.0000000E+00
   01  0.1450032E+04  0.3712749E+04  0.8410243E-10  0.4261966E-10  0.0000000E+00
   01  0.1560039E+04  0.3712749E+04  0.8734074E-10  0.4362945E-10  0.0000000E+00
   01  0.1670045E+04  0.3712749E+04  0.9041557E-10  0.4457090E-10  0.0000000E+00
   01  0.1780051E+04  0.3712749E+04  0.9332862E-10  0.4544510E-10  0.0000000E+00
   01  0.1800000E+04  0.3712749E+04  0.9425987E-10  0.4609338E-10  0.0000000E+00
   01  0.1910006E+04  0.3712749E+04  0.9686844E-10  0.4669073E-10  0.0000000E+00
   01  0.2020013E+04  0.3712749E+04  0.9934283E-10  0.4729635E-10  0.0000000E+00
   01  0.2130019E+04  0.3712749E+04  0.1016631E-09  0.4786837E-10  0.0000000E+00
   01  0.2240026E+04  0.3712749E+04  0.1037749E-09  0.4843869E-10  0.0000000E+00
   01  0.2350032E+04  0.3712749E+04  0.1058028E-09  0.4898395E-10  0.0000000E+00
   01  0.2460039E+04  0.3712749E+04  0.1072459E-09  0.4962226E-10  0.0000000E+00
   01  0.2570045E+04  0.3712749E+04  0.1086472E-09  0.5012243E-10  0.0000000E+00
   01  0.2680051E+04  0.3712749E+04  0.1111408E-09  0.5100464E-10  0.0000000E+00
   01  0.2700000E+04  0.3712749E+04  0.1118856E-09  0.5181412E-10  0.0000000E+00
   01  0.2810006E+04  0.3712749E+04  0.1201421E-09  0.5094621E-10  0.0000000E+00
   01  0.2920013E+04  0.3712749E+04  0.1575585E-09  0.1724342E-10 -0.4547474E-12
   01  0.3030019E+04  0.3712749E+04  0.3155139E-09 -0.3516349E-10 -0.1364242E-11
   01  0.3140026E+04  0.3712749E+04  0.9094966E-09 -0.9919013E-10 -0.4547474E-11
   01  0.3250032E+04  0.3712749E+04  0.3129935E-08 -0.1893771E-09 -0.1682565E-10
   01  0.3360039E+04  0.3712749E+04  0.1247243E-07 -0.3833049E-09 -0.6502887E-10
   01  0.3470045E+04  0.3712749E+04  0.4450510E-07 -0.7066986E-09 -0.2014531E-09
   01  0.3580051E+04  0.3712749E+04  0.8333412E-07 -0.1705213E-08 -0.3456080E-09
   01  0.3600000E+04  0.3712749E+04  0.8581955E-07 -0.1861897E-08 -0.3574314E-09
   01  0.3710006E+04  0.3712749E+04  0.9657523E-07 -0.3226103E-08 -0.3688001E-09
   01  0.3820013E+04  0.3712749E+04  0.7455505E-07  0.3754313E-07 -0.2960405E-09
   01  0.3930019E+04  0.3712749E+04 -0.8679988E-07  0.2107042E-06  0.2637535E-09
   01  0.4040026E+04  0.3712749E+04 -0.7635933E-06  0.5435218E-06  0.3822606E-08
   01  0.4150032E+04  0.3712749E+04 -0.3052203E-05  0.1164253E-05  0.1667013E-07
   01  0.4260039E+04  0.3712749E+04 -0.9808546E-05  0.2665783E-05  0.5389484E-07
   01  0.4370045E+04  0.3712749E+04 -0.2831031E-04  0.6462116E-05  0.1547705E-06
   01  0.4480051E+04  0.3712749E+04 -0.7635268E-04  0.1618222E-04  0.4149215E-06
   01  0.4500000E+04  0.3712749E+04 -0.8412175E-04  0.2039615E-04  0.4566878E-06
   01  0.4610006E+04  0.3712749E+04 -0.2175791E-03  0.4563395E-04  0.1179726E-05
   01  0.4720013E+04  0.3712749E+04 -0.5510044E-03  0.1026176E-03  0.2972319E-05
   01  0.4830019E+04  0.3712749E+04 -0.1372797E-02  0.2378942E-03  0.7382501E-05
   01  0.4940026E+04  0.3712749E+04 -0.3346224E-02  0.5476938E-03  0.1788153E-04
   01  0.5050032E+04  0.3712749E+04 -0.8140883E-02  0.1336966E-02  0.4372274E-04
   01  0.5160039E+04  0.3712749E+04 -0.1921491E-01  0.4284687E-02  0.1069974E-03
   01  0.5270045E+04  0.3712749E+04 -0.4443421E-01  0.1229541E-01  0.2490823E-03
   01  0.5380051E+04  0.3712750E+04 -0.8858455E-01  0.2869693E-01  0.4982160E-03
   01  0.5400000E+04  0.3712750E+04 -0.9926480E-01  0.3276211E-01  0.5569918E-03
   01  0.5510006E+04  0.3712750E+04 -0.1677491E+00  0.6197567E-01  0.9450219E-03
   01  0.5620013E+04  0.3712751E+04 -0.2544669E+00  0.1039822E+00  0.1445051E-02
   01  0.5730019E+04  0.3712751E+04 -0.3568764E+00  0.1595595E+00  0.2046239E-02
   01  0.5840026E+04  0.3712752E+04 -0.4704318E+00  0.2279752E+00  0.2722235E-02
   01  0.5950032E+04  0.3712753E+04 -0.5883834E+00  0.3069034E+00  0.3437126E-02
   01  0.6060039E+04  0.3712753E+04 -0.7026044E+00  0.3923760E+00  0.4143971E-02
   01  0.6170045E+04  0.3712754E+04 -0.8036350E+00  0.4792516E+00  0.4788108E-02
   01  0.6280051E+04  0.3712755E+04 -0.8851939E+00  0.5625876E+00  0.5327737E-02
   01  0.6300000E+04  0.3712755E+04 -0.8964642E+00  0.5772131E+00  0.5408137E-02
   01  0.6410006E+04  0.3712755E+04 -0.9535778E+00  0.6534547E+00  0.5818378E-02
   01  0.6520013E+04  0.3712755E+04 -0.9930796E+00  0.7261975E+00  0.6145234E-02
   01  0.6630019E+04  0.3712756E+04 -0.1034707E+01  0.7983357E+00  0.6470681E-02
   01  0.6740026E+04  0.3712756E+04 -0.1110131E+01  0.8686018E+00  0.6938119E-02
   01  0.6850032E+04  0.3712757E+04 -0.1294636E+01  0.9421802E+00  0.7943507E-02
   01  0.6960039E+04  0.3712760E+04 -0.1796297E+01  0.1093151E+01  0.1082478E-01
   01  0.7070045E+04  0.3712768E+04 -0.3032666E+01  0.1681177E+01  0.1906701E-01
   01  0.7180051E+04  0.3712789E+04 -0.6308945E+01  0.3332164E+01  0.3941613E-01
