# gauge_id=    12 location=( -0.8800000000E+02 -0.3975000000E+01 ) num_var=  4
# level, time, q[  1  2  3], eta, aux[]
   01  0.0000000E+00  0.3573561E+04  0.0000000E+00  0.0000000E+00  0.0000000E+00
   01  0.1600000E-01  0.3573561E+04  0.1200910E-14  0.2221103E-14  0.0000000E+00
   01  0.2160000E+00  0.3573561E+04  0.1621129E-13  0.2998404E-13  0.0000000E+00
   01  0.4160000E+00  0.3573561E+04  0.3120972E-13  0.5773552E-13  0.0000000E+00
   01  0.6160000E+00  0.3573561E+04  0.4619623E-13  0.8547557E-13  0.0000000E+00
   01  0.8160000E+00  0.3573561E+04  0.6117113E-13  0.1132042E-12  0.0000000E+00
   01  0.1016000E+01  0.3573561E+04  0.7613425E-13  0.1409214E-12  0.0000000E+00
   01  0.1216000E+01  0.3573561E+04  0.9108559E-13  0.1686271E-12  0.0000000E+00
   01  0.1416000E+01  0.3573561E+04  0.1060252E-12  0.1963215E-12  0.0000000E+00
   01  0.1114224E+03  0.3573561E+04  0.8306987E-11  0.1542883E-10  0.0000000E+00
   01  0.2214289E+03  0.3573561E+04  0.1423539E-10  0.2570542E-10  0.0000000E+00
   01  0.3314353E+03  0.3573561E+04  0.1879930E-10  0.3276880E-10  0.0000000E+00
   01  0.4414417E+03  0.3573561E+04  0.2249369E-10  0.3775921E-10  0.0000000E+00
   01  0.5514482E+03  0.3573561E+04  0.2554770E-10  0.4136216E-10  0.0000000E+00
   01  0.6614546E+03  0.3573561E+04  0.2812712E-10  0.4400689E-10  0.0000000E+00
   01  0.7714610E+03  0.3573561E+04  0.3034576E-10  0.4598754E-10  0.0000000E+00
   01  0.8814674E+03  0.3573561E+04  0.3228603E-10  0.4754326E-10  0.0000000E+00
   01  0.9000000E+03  0.3573561E+04  0.3265825E-10  0.4815201E-10  0.0000000E+00
   01  0.1010006E+04  0.3573561E+04  0.3435581E-10  0.4931942E-10  0.0000000E+00
   01  0.1120013E+04  0.3573561E+04  0.3587454E-10  0.5033363E-10  0.0000000E+00
   01  0.1230019E+04  0.3573561E+04  0.3724928E-10  0.5120931E-10  0.0000000E+00
   01  0.1340026E+04  0.3573561E+04  0.3850611E-10  0.5189039E-10  0.0000000E+00
   01  0.1450032E+04  0.3573561E+04  0.3966648E-10  0.5235655E-10  0.0000000E+00
   01  0.1560039E+04  0.3573561E+04  0.4073713E-10  0.5294169E-10  0.0000000E+00
   01  0.1670045E+04  0.3573561E+04  0.3856846E-10  0.4976974E-10  0.0000000E+00
   01  0.1780051E+04  0.3573561E+04  0.3614244E-10  0.4717865E-10  0.0000000E+00
   01  0.1800000E+04  0.3573561E+04  0.3601244E-10  0.4750357E-10  0.0000000E+00
   01  0.1910006E+04  0.3573561E+04  0.3411478E-10  0.4595515E-10  0.0000000E+00
   01  0.2020013E+04  0.3573561E+04  0.3264473E-10  0.4518838E-10  0.0000000E+00
   01  0.2130019E+04  0.3573561E+04  0.3463589E-10  0.4839026E-10  0.0000000E+00
   01  0.2240026E+04  0.3573561E+04  0.3657149E-10  0.5120456E-10  0.0000000E+00
   01  0.2350032E+04  0.3573561E+04  0.3839136E-10  0.5370642E-10  0.0000000E+00
   01  0.2460039E+04  0.3573561E+04  0.3997956E-10  0.5564058E-10  0.0000000E+00
   01  0.2570045E+04  0.3573561E+04  0.4145591E-10  0.5711576E-10  0.0000000E+00
   01  0.2680051E+04  0.3573561E+04  0.4281744E-10  0.5821908E-10  0.0000000E+00
   01  0.2700000E+04  0.3573561E+04  0.4314019E-10  0.5892898E-10  0.0000000E+00
   01  0.2810006E+04  0.3573561E+04  0.4438600E-10  0.5950683E-10  0.0000000E+00
   01  0.2920013E+04  0.3573561E+04  0.4546863E-10  0.5991844E-10  0.0000000E+00
   01  0.3030019E+04  0.3573561E+04  0.4642312E-10  0.6017215E-10  0.0000000E+00
   01  0.3140026E+04  0.3573561E+04  0.4726874E-10  0.6028271E-10  0.0000000E+00
   01  0.3250032E+04  0.3573561E+04  0.4484270E-10  0.5613141E-10  0.0000000E+00
   01  0.3360039E+04  0.3573561E+04  0.4223664E-10  0.5242039E-10  0.0000000E+00
   01  0.3470045E+04  0.3573561E+04  0.3945606E-10  0.3240948E-10  0.0000000E+00
   01  0.3580051E+04  0.3573561E+04  0.3763647E-10  0.1656757E-10  0.0000000E+00
   01  0.3600000E+04  0.3573561E+04  0.3763511E-10  0.1451606E-10  0.0000000E+00
   01  0.3710006E+04  0.3573561E+04  0.3653758E-10  0.3004386E-11  0.0000000E+00
   01  0.3820013E+04  0.3573561E+04  0.3831558E-10 -0.2623055E-11  0.0000000E+00
   01  0.3930019E+04  0.3573561E+04  0.4060847E-10  0.7895375E-11  0.0000000E+00
   01  0.4040026E+04  0.3573561E+04  0.4253665E-10  0.1633589E-10  0.0000000E+00
   01  0.4150032E+04  0.3573561E+04  0.4444844E-10  0.2290118E-10  0.0000000E+00
   01  0.4260039E+04  0.3573561E+04  0.4615164E-10  0.2799482E-10  0.0000000E+00
   01  0.4370045E+04  0.3573561E+04  0.4763614E-10  0.3201837E-10  0.0000000E+00
   01  0.4480051E+04  0.3573561E+04  0.4887625E-10  0.3524724E-10  0.0000000E+00
   01  0.4500000E+04  0.3573561E+04  0.4917946E-10  0.3619281E-10  0.0000000E+00
   01  0.4610006E+04  0.3573561E+04  0.5021796E-10  0.3853569E-10  0.0000000E+00
   01  0.4720013E+04  0.3573561E+04  0.5112802E-10  0.4048831E-10  0.0000000E+00
   01  0.4830019E+04  0.3573561E+04  0.5195767E-10  0.4209062E-10  0.0000000E+00
   01  0.4940026E+04  0.3573561E+04  0.5272508E-10  0.4339450E-10  0.0000000E+00
   01  0.5050032E+04  0.3573561E+04  0.5343587E-10  0.4445315E-10  0.0000000E+00
   01  0.5160039E+04  0.3573561E+04  0.5410445E-10  0.4530583E-10  0.0000000E+00
   01  0.5270045E+04  0.3573561E+04  0.5474112E-10  0.4599248E-10  0.0000000E+00
   01  0.5380051E+04  0.3573561E+04  0.5535362E-10  0.4654755E-10  0.0000000E+00
   01  0.5400000E+04  0.3573561E+04  0.5560738E-10  0.4720158E-10  0.0000000E+00
   01  0.5510006E+04  0.3573561E+04  0.5619727E-10  0.4741310E-10  0.0000000E+00
   01  0.5620013E+04  0.3573561E+04  0.5676715E-10  0.4764014E-10  0.0000000E+00
   01  0.5730019E+04  0.3573561E+04  0.5732351E-10  0.4786749E-10  0.0000000E+00
   01  0.5840026E+04  0.3573561E+04  0.5787545E-10  0.4795318E-10  0.0000000E+00
   01  0.5950032E+04  0.3573561E+04  0.5842281E-10  0.4822308E-10  0.0000000E+00
   01  0.6060039E+04  0.3573561E+04  0.5896708E-10  0.4877372E-10  0.0000000E+00
   01  0.6170045E+04  0.3573561E+04  0.5950753E-10  0.4960209E-10  0.0000000E+00
   01  0.6280051E+04  0.3573561E+04  0.6003243E-10  0.5072117E-10  0.0000000E+00
   01  0.6300000E+04  0.3573561E+04  0.6028536E-10  0.5149539E-10  0.0000000E+00
   01  0.6410006E+04  0.3573561E+04  0.6078223E-10  0.5233909E-10  0.0000000E+00
   01  0.6520013E+04  0.3573561E+04  0.6125784E-10  0.5310326E-10  0.0000000E+00
   01  0.6630019E+04  0.3573561E+04  0.6172060E-10  0.5370354E-10  0.0000000E+00
   01  0.6740026E+04  0.3573561E+04  0.6217397E-10  0.5412976E-10  0.0000000E+00
   01  0.6850032E+04  0.3573561E+04  0.6261909E-10  0.5440390E-10  0.0000000E+00
   01  0.6960039E+04  0.3573561E+04  0.6305583E-10  0.5455812E-10  0.0000000E+00
   01  0.7070045E+04  0.3573561E+04  0.6348252E-10  0.5462669E-10  0.0000000E+00
   01  0.7180051E+04  0.3573561E+04  0.6390150E-10  0.5463689E-10  0.0000000E+00
